6
10
22 56 24 36 4 17 33 79 38 75 45 69 41 81 15 17 18 64 40 75 
5
74
4
57
19
6

25
117 184 46 148 24 26 91 153 37 119 59 112 110 158 66 187 107 199 50 113 1 17 121 213 77 184 112 162 28 138 75 188 85 128 110 230 61 133 14 66 53 102 91 163 37 92 94 179 98 166 
25
136
45
2
151
31
39
180
123
181
200
183
16
124
91
164
141
128
92
10
16
38
45
62
172
111

50
1 500 500 500 190 249 16 93 85 221 211 212 100 172 182 402 124 218 39 83 23 65 60 308 80 292 26 63 128 201 148 254 79 312 55 249 31 247 249 415 238 293 214 419 186 296 127 226 139 247 38 242 110 189 223 356 170 296 140 332 123 198 91 108 26 225 180 181 31 169 170 280 30 137 86 140 119 310 217 270 235 282 43 150 117 339 249 414 203 305 142 189 79 179 217 343 214 363 65 169 
50
112
259
87
147
429
398
428
213
157
366
240
332
359
148
220
58
180
288
335
168
312
160
269
471
104
174
196
150
86
5
495
320
302
489
8
91
274
239
405
152
58
157
238
107
478
120
331
20
105
99

15
142 142 144 144 174 174 31 184 78 116 136 322 65 231 103 258 90 224 140 141 164 259 52 200 60 78 32 102 128 187 
8
142
281
317
252
141
7
39
174

20
159 242 209 321 40 81 90 240 116 220 166 310 157 249 207 324 149 289 199 344 128 276 178 338 97 277 147 338 58 152 108 276 22 171 72 285 106 264 156 332 
15
322
252
192
386
99
210
91
167
208
200
179
148
109
73
157

15
185 208 71 185 87 101 16 206 117 244 147 237 34 74 121 225 184 334 157 345 57 213 81 141 153 236 4 7 193 303 
8
185
1
380
104
396
35
233
164

